249.765408 200783.899871 20034.400705
249.900287 200637.432861 19973.595380
249.998161 200301.429162 19913.239276
250.236965 199716.289662 19853.416332
250.375297 199487.349193 19794.295699
250.330267 199396.299752 19736.095760
250.319720 199405.367244 19679.153123
250.249227 199932.030178 19624.214221
250.040930 200517.402085 19893.336372
249.922489 200492.405028 20243.062497
244.988220 186746.041526 20419.978630
240.873180 184882.031305 20360.223010
237.088214 197469.821931 20299.526301
235.011693 212426.911037 20238.639777
235.615915 217077.725432 20177.983645
238.414715 213568.535968 20117.781455
242.951328 206365.096395 20058.124070
248.486901 198898.439855 19999.034570
253.957665 192700.540497 19940.504643
257.939236 188873.075549 19882.527727
259.249232 188937.258920 19825.129314
257.464072 193630.832557 19768.394155
253.935239 200725.782712 19712.510226
250.801171 205680.167799 19657.811485
249.026940 206178.596716 19604.834167
248.499994 203480.906131 19554.305594
248.788327 199995.956048 20033.871211
249.268183 197169.248182 20478.991550
249.513372 196344.339712 20424.086369
249.113666 197641.977923 20367.473141
248.743280 199631.030011 20310.231635
248.454687 201939.323079 20252.894841
248.533520 203029.231325 20195.839605
249.037926 202658.386316 20139.238436
249.854412 201289.773239 20083.147883
250.774268 199604.013218 20027.559713
251.521661 198421.176070 19972.465075
251.515774 197854.957806 19917.856483
251.410633 197401.772705 19863.740156
250.937089 198439.926693 19810.157150
250.232057 200380.189857 19757.204328
249.639687 201918.033047 19705.090650
249.407792 202246.308741 19654.115666
249.537456 201625.317875 19604.863328
249.924126 200522.245607 19796.916741
250.327948 199333.122460 20128.711076
250.316662 198343.860028 20365.509770
250.253483 197699.583609 20313.853059
250.004203 198601.209402 20261.174716
249.604587 200469.351891 20208.218042
249.313440 201945.872875 20155.250916
249.320501 202271.509327 20102.483692
249.598276 201555.095174 20050.050737
249.893218 200091.139705 19998.014165
250.397247 198450.361856 19946.414103
250.736688 198007.154649 19895.289635
250.769975 198753.654726 19844.699004
250.558175 200094.345708 19794.765889
250.132261 201093.098062 19745.666732
249.967276 201071.941636 19697.614574
249.991536 200688.066275 19651.210468
250.139965 200191.858202 19872.819242
250.001623 199427.725299 20182.191758
249.963951 198368.830941 20367.992652
249.807276 198431.801295 20318.673131
249.555223 199648.947619 20268.508901
249.316721 201150.787366 20218.099160
249.278443 201944.210885 20167.698388
249.479651 201793.836272 20117.522642
249.693915 200697.478605 20067.663652
250.199787 199048.835893 20018.168322
250.624380 198318.913100 19969.057679
250.791326 198665.437776 19920.346103
250.697618 199707.722710 19872.058671
250.306620 200634.680589 19824.246722
250.116216 200729.091031 19777.006828
250.063753 200600.819102 19730.539266
250.121131 200352.943301 19685.050930
250.151172 200047.208076 19641.088107
250.185688 199629.837053 19853.361800
250.186298 199241.478425 20165.751197
250.037932 199225.563824 20364.340123
249.592981 199456.611132 20317.756578
249.375038 199657.551475 20270.320315
249.257881 200338.758668 20222.614721
249.270511 201033.498210 20174.875283
249.451379 201334.411274 20127.316112
249.789149 201097.212877 20080.029182
249.954942 200240.276954 20033.063152
250.366663 198838.615591 19986.439539
250.656539 198400.248632 19940.168326
250.699236 198949.231287 19894.263795
250.536251 200027.227360 19848.758496
250.318504 200981.395218 19803.715590
250.159202 201316.668182 19759.267768
250.007083 200789.656958 19715.602931
250.140409 199660.586016 19673.005821
250.302780 199085.315824 19631.975234
250.369502 199233.278398 19940.400189
250.136176 199552.122668 20294.137762
249.793521 199658.513306 20251.442016
249.568452 200047.194459 20207.971210
249.428057 200597.737458 20163.992819
249.319702 200833.123438 20119.832954
249.482489 200529.947800 20075.716450
249.770501 200260.610195 20031.758054
250.063763 200068.527125 19988.050420
250.103910 199730.064597 19944.675525
250.292742 199089.192514 19901.715691
250.386556 199180.367110 19859.263613
