251.136673 195694.660271 20345.599811
250.846749 196070.642571 20521.427992
250.737429 197687.367834 20458.187962
250.463570 198728.278989 20393.769551
250.233813 199286.147169 20329.090048
250.089569 200078.692831 20264.698702
250.016825 201087.263204 20200.764972
249.773282 200301.110093 20137.284518
250.056569 200104.832508 20074.252381
250.198988 199247.273497 20011.663723
245.086515 184639.270353 19949.513554
246.419116 180378.507252 19887.977751
249.907793 183094.580442 19827.073162
251.211903 185636.206652 19766.880537
252.657370 189914.258212 19707.572612
252.929030 193687.947314 19649.523379
252.273046 196929.441951 19593.265698
250.664881 199558.470502 19539.662484
249.762658 201604.544463 20007.570121
248.983017 203018.570070 20466.009571
249.058390 204672.721640 20408.131924
248.717101 204986.930676 20348.541422
248.486586 205058.756116 20288.265954
248.399520 204658.107220 20227.880914
249.301959 203617.961778 20167.783144
249.144032 200938.123159 20108.142337
249.692345 199935.317197 20049.035469
250.366898 199526.088351 19990.482713
250.488374 199191.985478 19932.479080
250.774583 199947.278271 19875.024680
250.145308 199380.965050 19818.152643
249.937452 199241.219249 19761.952692
249.936673 200197.438596 19706.617910
250.244616 200965.778452 19652.478572
249.887351 200759.011270 19600.097428
249.794321 200409.925654 19763.621032
249.784664 200248.555834 20083.969550
249.537191 199918.984403 20340.928615
249.904423 200070.696781 20286.709175
250.211609 200499.113017 20231.529827
250.416874 201097.071441 20176.001690
249.804875 200055.340175 20120.504089
249.752032 199917.112190 20065.228404
250.111506 200714.817171 20010.312123
249.809764 201841.635679 19955.862104
250.512796 199478.175781 19901.977513
250.834488 198998.500207 19848.767697
250.548741 198832.439883 19796.375317
250.102510 199845.955214 19744.991101
249.826609 200935.921255 19695.138790
249.685641 202067.429358 19647.175486
250.532678 200940.379343 20048.757397
251.070497 198609.581425 20407.125406
251.700897 197398.414941 20355.620731
251.157029 195000.153721 20302.820360
250.793864 193959.720039 20249.479425
250.877972 193456.566573 20196.022918
251.058851 193925.387624 20142.719036
251.187716 194576.727813 20089.728750
251.083053 195250.903968 20037.125060
251.066039 195613.268891 19984.943068
251.033598 196185.329932 19933.201692
250.712314 196731.612976 19881.924989
249.900695 199151.429021 19831.161466
249.432896 200428.786555 19781.002430
249.270484 200638.331065 19731.656666
249.347309 199873.568142 19683.348296
249.566697 199804.725621 19636.621517
250.136418 200314.153911 19826.815440
250.392507 200528.430867 20132.420320
250.359305 200410.811875 20345.475019
250.058618 200018.835327 20296.466612
249.782924 200727.825146 20246.557397
250.014345 201134.342408 20196.399967
249.755658 200438.824841 20146.227586
249.891306 200419.579338 20096.216783
250.307462 200837.788610 20046.498193
249.977195 199912.715834 19997.132002
249.795861 199879.914511 19948.159893
249.604608 199428.066863 19899.623372
249.994475 199782.490129 19851.579524
249.930072 199249.670855 19804.152495
250.044575 199172.108562 19757.490525
250.146545 199409.475502 19711.789021
250.216733 199907.251947 19667.585566
250.251372 200640.242831 19877.688939
250.202600 201457.234717 20169.410485
250.047237 198408.431690 20349.523734
251.119474 197757.403020 20302.709815
251.065937 195933.707634 20255.107709
250.020587 193836.311923 20207.266519
250.966097 195842.409209 20159.404217
250.446382 196838.880191 20111.717616
250.435974 198187.828194 20064.300348
250.357356 199881.677473 20017.201897
250.335305 201014.614702 19970.449908
250.155641 201424.987370 19924.065335
250.106552 200010.073182 19878.077251
249.973091 199639.429222 19832.535832
250.006653 199256.960234 19787.543464
249.899063 199836.678330 19743.268325
249.759081 200117.533414 19699.896250
249.641153 199540.235496 19657.937173
250.272691 200097.724438 19865.275224
250.208539 201108.045428 20162.369769
250.013239 200798.404771 20351.356080
249.742926 199888.815620 20306.943895
249.880526 199474.754163 20261.741362
249.616193 199598.060104 20216.280321
249.914767 199364.806603 20170.771271
